acc = 0.6774193548387096
f1-anti = 0.6619718309859155
f1-neutral = 0.5736137667304015
f1-pro = 0.7666195190947667
