acc = 0.6829810901001112
f1-anti = 0.6521739130434783
f1-neutral = 0.5884615384615385
f1-pro = 0.7741046831955923
