acc = 0.6774193548387096
f1-anti = 0.6417112299465241
f1-neutral = 0.5857418111753372
f1-pro = 0.7715877437325905
