acc = 0.6729699666295884
f1-anti = 0.648936170212766
f1-neutral = 0.568738229755179
f1-pro = 0.7709815078236131
