acc = 0.9028871391076115
f1 = 0.89540610544738
