acc = 0.9015748031496063
f1 = 0.8938256833712253
