acc = 0.8792650918635171
f1 = 0.8695731731841805
