acc = 0.8805774278215223
f1 = 0.8732499970998329
