acc = 0.6718576195773082
f1-anti = 0.6522522522522523
f1-neutral = 0.5607476635514018
f1-pro = 0.7711864406779662
