acc = 0.905511811023622
f1 = 0.8991634689984205
