acc = 0.675194660734149
f1-anti = 0.6596119929453262
f1-neutral = 0.5658153241650294
f1-pro = 0.7645429362880887
