acc = 0.89501312335958
f1 = 0.8874565944838894
